30
12
0
14
12
4
0,0
1,1
2,2
3,3
2
0,28
1,29
12,0.0000000000
13,0.0000000000
14,0.0000000000
15,0.0000000000
16,0.0000000000
17,0.0000000000
18,0.0000000000
19,0.0000000000
24,0.0000000000
25,0.0000000000
26,0.0000000000
27,0.0000000000
0,0,0.0302654002,0,-0.1437274814,1,0.1061730981,2,-0.0870333686,3,-0.4645415545,4,-1.0000000000
1,0,-0.0128128808,0,-0.5780213475,1,0.5900486112,2,0.5305879116,3,0.3497457504,5,-1.0000000000
2,0,-0.0007434468,0,-0.6913169622,1,-0.1507877558,2,0.6713727117,3,-0.1944409609,6,-1.0000000000
3,0,0.0132133318,0,-0.0250194836,1,0.1154540256,2,-0.4708667994,3,-0.4788347185,7,-1.0000000000
4,0,0.0000000000,0,-0.5775315166,1,-0.1357627511,2,-0.3575040698,3,-0.5444254875,8,-1.0000000000
5,0,-0.0274824426,0,0.5064330697,1,-0.6230512857,2,-0.4707299173,3,-0.3514576852,9,-1.0000000000
6,0,-0.0666948929,0,0.2382464856,1,-0.3667045534,2,0.1506942511,3,0.5816352963,10,-1.0000000000
7,0,-0.0941732377,0,0.5513240099,1,-0.2898558974,2,-0.6173257232,3,0.7682082653,11,-1.0000000000
8,0,-0.1418720335,12,-0.4838356972,13,-0.2879619300,14,0.7321704030,15,-0.1759769320,16,-0.6894207597,17,0.3923604190,18,0.1298776269,19,0.0196413193,20,-1.0000000000
9,0,0.0638892725,12,0.6492301226,13,0.2203886509,14,-0.2999479175,15,0.5637680888,16,-0.0014058352,17,0.3970938921,18,-0.6249498725,19,0.3417502046,21,-1.0000000000
10,0,0.0540842414,12,-0.5587263703,13,0.2551203668,14,0.5727752447,15,0.4214664698,16,-0.2815549374,17,-0.5591005087,18,-0.0682931393,19,-0.7146613598,22,-1.0000000000
11,0,-0.0614044182,12,-0.4547419548,13,0.5524955988,14,0.1784126908,15,-0.2580326498,16,-0.0371657610,17,0.5687257051,18,0.2459676862,19,0.7129698992,23,-1.0000000000
12,0,0.0996098146,24,0.0004564780,25,0.8553681374,26,-0.3106124997,27,0.8385750651,28,-1.0000000000
13,0,-0.1071689427,24,0.4485777915,25,0.1472451091,26,-0.8218147159,27,0.9324899912,29,-1.0000000000
0,relu,12,4
1,relu,13,5
2,relu,14,6
3,relu,15,7
4,relu,16,8
5,relu,17,9
6,relu,18,10
7,relu,19,11
8,relu,24,20
9,relu,25,21
10,relu,26,22
11,relu,27,23